bi: [0.11763492724900815, -0.3015482336431412, -0.1638928521142542, 0.32530455663214486, 0.7956366755456191, 0.783663093634819]
ai:[0.783663093634819, 0.7956366755456191, 0.32530455663214486, -0.1638928521142542, -0.3015482336431412, 0.11763492724900815]