bi: [0.05386272645169572, -0.021354413855487565, -0.09320998838118397, -0.027046899579054415, 0.11729461380250442, 0.12284950839518773, -0.07598714182384196, -0.23171677769546933, -0.4034546542873144]
ai:[-0.4034546542873144, -0.23171677769546933, -0.07598714182384196, 0.12284950839518773, 0.11729461380250442, -0.027046899579054415, -0.09320998838118397, -0.021354413855487565, 0.05386272645169572]

bi: [13, -5, -23, -6, 29, 31, -19, -59, -102]
ai:[-102, -59, -19, 31, 29, -6, -23, -5, 13]