bi: [-0.09614473942872517, -0.003951505052241913, 0.033261365736428086, 0.03706290552068555, -0.019219609863878773, -0.053368035167551266, 0.030094730116403318, 0.16045530966196667, 0.105878050913486, -0.23524856995450472, -0.515843073233004, 0.022634915010491863, 2.046213602191414, 5.479998656648073, 9.263514455683488, 11.825820086818135, 12.021453761543196, 9.845740692771795, 6.392247218463185, 3.1081842646406215]
ai:[3.1081842646406215, 6.392247218463185, 9.845740692771795, 12.021453761543196, 11.825820086818135, 9.263514455683488, 5.479998656648073, 2.046213602191414, 0.022634915010491863, -0.515843073233004, -0.23524856995450472, 0.105878050913486, 0.16045530966196667, 0.030094730116403318, -0.053368035167551266, -0.019219609863878773, 0.03706290552068555, 0.033261365736428086, -0.003951505052241913, -0.09614473942872517]