bi: [-0.01500499006656943, -0.0211945632942796, 0.03992346996950892, 0.052327077693890264, -0.025708113441544223, -0.0930643593154249, -0.025048644631442116, 0.11874981829361933, 0.12280970687656609, -0.0775950671177586, -0.23368505503033205, -0.40084745204872846]
ai:[-0.40084745204872846, -0.23368505503033205, -0.0775950671177586, 0.12280970687656609, 0.11874981829361933, -0.025048644631442116, -0.0930643593154249, -0.025708113441544223, 0.052327077693890264, 0.03992346996950892, -0.0211945632942796, -0.01500499006656943]