bi: [-0.24340950700111916, 0.16303533354480973, 0.11442385343451039, -0.042135587240515186, -0.11022463469467941, 0.03257516702765763, 0.21847651117540573, 0.11408821855930906, -0.3309840386542837, -0.5777790285835966, 0.1967371155884028, 2.3079509276918877, 5.02491155829077, 6.924150654423212, 6.940089865619072, 5.1826836271098795, 2.763542813603767]
ai:[2.763542813603767, 5.1826836271098795, 6.940089865619072, 6.924150654423212, 5.02491155829077, 2.3079509276918877, 0.1967371155884028, -0.5777790285835966, -0.3309840386542837, 0.11408821855930906, 0.21847651117540573, 0.03257516702765763, -0.11022463469467941, -0.042135587240515186, 0.11442385343451039, 0.16303533354480973, -0.24340950700111916]